$ANSIBLE_VAULT;1.1;AES256
63393965653662656162386638363830653737626363376537653664666236376330393963386363
6638393238663665386535323266623637343636613533380a346465343434643338333837363566
35626532613461333863383036663335356238383638636139356165623631373437626361323536
3431643465656339350a323961633763383362653036653366303636346637373733623932616662
33376633633766663166313064366664633539383037366463333562363337663361393933323036
37663939343830633165326336646261366563643162343931303935316330626235373538393633
30396634383531376663346365306362333730353038616536363665656366396334326233623965
34303332386462613462646466326437363733306433353633656238356561366236633861656535
65646639333036326239343864393135333831396435356538333364373935353234383166363032
33626333353665633934653563306666396566333063636662386531643362373361353262313130
33396638376135326236353131303664333733313066383534346562393334313539353962633264
37666162613362663664666631376364386631393662323361643362366537393531653230623534
64353366366435663566636234386631613034323234643761313230323535353832636330623732
30386664613132646130626335343065613736313634323634306665363935333835646535353531
35633961633239363538323462653263376662306162616562323833663966623538323235646538
65336532616237323835356666383733636261653962656136333264613430653362643938333239
62613539343063613961663535636139353438383464666235313630613232613432633061313938
30656334313063666433666465313230613631353135626135633234666165316165386265343636
32623364333338656333333662356161383434326237316666306464306633653433646563366338
36313737653637633162373565646338373135633738333338653165333731393637663265376336
66623733613636356333643435656132653436356266623466623535623134336236643263653962
65633632623037643436613866623364333330356433366533383039343133333937393932396133
35326535306165376130613233643766323236623465663839616537626537326539643936656636
32366363626536386563366361323963313739326433366130346563616132656330366636666336
36356466353632666662633465306465373366393337346161653134363034616564643761333038
66626131613538303230353166663239663062383433666465366564343137383766393730373139
62396163323165363366623162613665666461663961663364343734346337356163656430326364
31616437393737373363346665366133326561653865646231363864353832646538313438323932
36363233363832633834393337633930383533393739376365326338333133356633646632353465
31386361663431386231363062343363383033323234323531303537623432303537366462613039
31343637383565303735373431663534386566343137666335666563396664393538393165346330
32653130346466383231663831326437393565656636653566346631363638613134633435656461
63303464646265313532363039393261363463383036363836323931306438373739303637373164
32646232633934653233626433633963356363616433373530636164633561363531386134613439
35626337343965313730656564656263353134633937353936373234353232666131626632636364
66626238333865663665366238316364363938303831373661373630353439303666343865663338
62303164363339663638646132623730326433636139656638663336326332363861313136656530
36326363646564653831373238663534643963383763383930323534336234316631616532383735
61613234346530343263363166393133653161383838313962346566626631346166333735633961
30636266313334346534303135653937636464653163366130663837353063653266656336663839
31323563303363323637643037373333636233666631353937306664396630623233646139303139
66383235303336303336313030353232393033363434643037313733343664313666653535656536
65653736626338656661656566303031656139633635336532643561306461343135323063613561
30343935623661336162316163366662346239633035323266313165363539376334316637633238
36386461306436643639313666386636666263653639313665343765633463656230623562393232
36316362393532333263343661306639646535316232373537373362656436383836616366346334
64636464373230376636393635316233666232613636383030646261653635393132643733653861
34393963333533653037383630383737633530393865656433396534366565333164653964316436
36316463356534383435616363396535303964633232653932343765323039323963313061363634
38643763393163656639646261336632306431636665666232373532613033383564666466356536
64613662663639353332303332396132346163313238363961356435373465313432366533393633
38373462306133363865613939636432313532363361316637643465653939643262313066303639
37373561383261393432373331323334313634663763633938366239663663333463633966346562
32383337613466386235306338353065386530626434366138376231346666643839313134666439
64353764313763356538663564366433376461623438353566396639356237636261303963623965
37343037613833343862393230336534316665346536613333313038646437343139326531653961
33336466653737373938356532393538316637643430363562623662646335366465353034656562
34373339353864396237343962373830386636353635386536643764393831373033646136306438
36646561346136333763666664323832626430633163626265316234343532323737636236656261
62616361343966373731383037333038383763303866343638306661636464626231396139616164
33383762323230373833366361326639313164613131323035616664336132636163326263336165
61323862383732633061643163383931353733363266316331396662333035616537656662383231
61333763626663663663646432396337383161656233343938323763383938343539356335613932
38616436633365633031613765633861333633356336643936633866623638336438343166353638
30343438623938346661326338626564363330326265363431373936316263323861356536343738
39613235336537376234313262313732313362306236383039383464373137383161313136356462
39363365653235313661663332666436303730383162383161653665393835653232306262366437
66353839336666333530616433366139343736306438346235616533613835653033616230646332
39336136333361373734323865343363373931633464383561663261313035393834373837393534
39623438323135333961613739613837363630383931643163303733316661643731333734326130
61363830633261366163616337366561333563386433356136656530323366326234613330376666
61636239323231313035643632623934353263376531383533616566643133353530643832356664
62323736346430633664383231343233383532316437613564306661393566343964306535666636
65303164343534363464666135383530356430643865306565666234373931303431633231623461
32623035633865646631313663336531353737383738323236346366333938343465303036333135
31366434666438666464616166393865383639653534376135623136666330343130623139626534
38653634313935383232323730663737336561656533663461303061643234363132613562363235
62613062393162393033663735313339316166386662643031636635373536313839643236373932
66396132323164326362313165623937613433663966613535666666663262333330636338646630
32363164653336363633623665323461353336666533646134306364363164333936633466663832
62653338616437306237663436636130303334656439393561383835326537636464313337626162
66343966353430646562396137393562326234333137373365303466633933613863633531303663
66326639343035333261623530616435643661303230306332653334633436333332383732343462
38633261346166373236346237353365353632323236373765326436373036663565613336393235
39626264656664663930326665316236386539633335663337383061393734323365306566353061
36643039343364306662343334353434383133313835646138623338353635336431336635366238
34633932633536383061333030396364616630663437396637343335663136313431383438373961
62373833383134373339343861333462363630656235353762633365343364326235393235353832
35633738393737393162386538333062373032616333653133343031346632313733623864643165
31326239333062616265346665353239346431383162383636363132316332343637303630613262
36653733306539316233336261313831386532346634393062303661356462303230623737383435
62653035356563356566616232356532383539343865393261373738613662616465353366333038
63643636616534623537613866353535663439666563326337346264376261366465643135663339
63626661316231393861373263383164373330653862333637313762343164616636633836356565
65376331643737376365313730363930306631383162613535386535393939346664326232643761
65313963643162656637636438343335313865663237383630346339653033663261623639656230
66363963376266356432323565306536633763323464633235376432366137353061313732386436
39386363643832616133393931386661633636343866613436393437393038316230633262373063
62313732333061343935666566303365316534303434643661613965626238313161366662336534
38343334646365346138636436346431336134343733613730343361633334633938363033646130
34393836336264323261633438343438363463396136396262643362366266613563666137333337
65316361613164353632396336333362313438383762646563313865613139663432633761663634
30386665643262363237323363653362653262653336653638366539633538303463666566386134
38356564306435333430366431656532613866636534333862616534353339626262636565623664
34383166666163303565393135373739336635343964633634323839653936646564643866623730
32643461323765353632366339643631313362666530643962316265353538656664396461613530
36613263393838646237643336326664323762656539393232393438663564613463353966306431
33366635623630303734386664643264336635633637666266363535653361343563616364383962
65653664323964333035313630353062323437613365313930666131633332303564616564396464
38636639343231626438623764353666303836613163303733353566613064313939626665396236
63393730356466376433343539653066663631336363393562353237323433643361363966303165
35326465313764356462366233663338653536653833636330626132343936376633396537376331
36303438623635313330363462663538316237643765306163303336666633336432626633363030
31313834346534623439356535613932326130623064353333333733363162346130656534643637
62633836373137363335373934336431363863353535653266313365316136626533666630653333
36396232626635376237633166303836316237313764643135643234396135396464656136643636
31326531336363333435366436313131333937323362643135393037613330326334646362373566
34613661636138316334373362356163313035393135656561613738383732646330626235343162
62643938366536333134313166626631343538393830323064646662386537376464363137306639
37316133653039663264373764393936383531663566663435346130333537373833386239633438
30373838653662306236333632656234656637613839346566393238393831353661356565303136
36323235306236336331383862653062663966646630646634333033373935303633643261633437
33313136653465303166643361616633656563343965383237323562336132386661633565663664
39616562303965646636306537616133313535353633336164303965393263333066663038663137
34613935643633353530356233326161626339626363656231396139643234626266656630313334
32373736393637373730306265633665383236353166326333323138373131386534643738356562
37656436356532303336663863653264666664366166653932383466353432646531303231636565
63343634373239626433646439346236616565353434363739316165386131356533393533373334
38633164383335613162383866376432623762636633663335333039383330373937653635623665
64636431353538356537333430366265663063343737373638343466663264393336646532333231
30396132333963663464343539393730636365366265306563343264393738383033656565316530
66333966356263653932633234336230383661336462636534393637343538316133323534333262
38303639363564343636623132646464336233326139333566356632366131346132326535643062
31653032316436633031336336313737376237306362303765373537346130323531373738333431
37333761306365653564363237613166306235666561626161326634656332633536393030356462
37333333356263336161353363303362653366313466376666633766653538316665386639333530
62643338346637313330303833656230396162613339326365613639323339373736626638336137
32353664333662373265633262363230386632373839333134626334656631313261396337653061
62626630646364343962333630623539663565646336313730333432326634393762663763396164
32653835666363323936346539303934666463316462343633303535303532633535306632663366
33383031643631303136616134616665363866303739333538633964373334313665636537353633
37306438343361366532616236316261373065356165366166323866356132386165626661316630
64313066303130626632363665323662306163663030386465346435326231626131333739316237
34633839363364386261353265633233313636613762346335626632323335313235366264396639
34386336633863363534663239633232346437353437313030623034343665343732666534366232
66653134666634363933366664356362336539643765356165613430383335303338353531336536
61623235326433386636646339623733343061386631393665663334643263373238653262353238
37663335666266333964626639323363346163363265313466613237396530363261656239303134
32393731613161653339396665626336383235656139643138646138353136666362336365623331
65626432336332623337343132393964353137386566613834656239326639313130623864646262
39393134313636626338333439636235343534353462373266326137656130393462336638333332
32613361653738316233656132366136356462323033313838623637373966346234616463343662
65663838353936346636646438306633323139323434316433396134396431313665396163646233
39336364613564376565303461326531313337383631336333663730366533386336333334356533
39393530356264306264333761633537653232373133353739663935646563626637336161353766
38383839373431376235666639303630373630356563663136396632313530633339393434353262
62613762376136633366626563316130663237313662633966376164336461363564333832633433
36313830323338326335643038333763376632343232376639323362643439613632373436623939
32373439323230623638303165323038313861353037373738386433626236373965323636616635
32386261343035383733393165393761366464376630613161656539363061343566656336373662
36396437623563663131653636313664633561626266633830376466396339666363396433643964
38653031663332396562316334343964393637383038303066373639336536353234393639303939
61313964303431353538346135356436323965373232303633326163663332303736393531346330
37303666313062633838306338303631633436373539616265383738663939323363633763643337
35323134326465643262636433346463626234663364356533366339653738316337313561313364
35366334633761303633343034306630653062633133633365623561316338303838646634396337
31363666663963356232613835366163636465646263616135643463626639643132656639386238
38666561636234633162666237343331633466343366373563333333393932323433303361383366
33636439356263336432306332616237393339633935653835373166353339383766366139303436
34633930663731396136663739356334613766343164373866393833656335366162613364333634
39633866376132623630336234376664666438333563653232313039346165303831653533373237
61393030316231306664613366363863636562396661633834333565636661316665626239383037
64393062626232356136383864316231303333663964663666393230613338646338
